#' @export

data_inj1 <- c(rep(0,267), rep(1,52), rep(2,16), rep(3,4), rep(4,2), rep(5,0), rep(6,0), rep(7,0), rep(8,1))















