#' @export

data_root <- c(rep(0,2), rep(1,3), rep(2,6), rep(3,7), rep(4,13), rep(5,12), rep(6,14), rep(7,17), rep(8,21), rep(9,14), rep(10,13), rep(11,10), rep(12,2), rep(13,2), rep(14,2), rep(17,1))
	
	
	












