#' @export

data_claim6 <- c(rep(0,20592), rep(1,2651), rep(2,297), rep(3,41), rep(4,7),rep(5,0), rep(6,1), rep(7,0))
	
	
	












