#' @export

data_units <- c(rep(0,1612), rep(1,164), rep(2,71), rep(3,47), rep(4,28), rep(5,17), rep(6,12), rep(7,12), rep(8,5), rep(9,7), rep(10,25))















