#' @export

data_p806_7 <- c(rep(0,73), rep(1,10), rep(2,8), rep(3,4), rep(4,3), rep(5,2),  rep(6,0),  rep(7,0))
	
	
	












