#' @export

data_citation <- c(rep(0,203), rep(1,86), rep(2,35), rep(3,35), rep(4,25), rep(5,17), rep(6,15), rep(7,7), rep(8,4), rep(9,1),
rep(10,4), rep(11,7), rep(12,3), rep(13,1), rep(14,2), rep(15,1), rep(18,1), rep(22,1), rep(23,1), rep(29,1), rep(30,1), rep(33,1))
	
	
	












