#' @export

data_as1 <- c(rep(0,70), rep(1,31), rep(2,16), rep(3,9), rep(4,5), rep(5,5), rep(6,1), rep(7,2), rep(8,0))
	
	
	












