#' @export

data_auto <- c(rep(0,8544), rep(1,1796), rep(2,370), rep(3,81), rep(4,22), rep(5,1))
	
	
	












