#' @export

data_p806_9 <- c(rep(0,67), rep(1,15), rep(2,8), rep(3,4), rep(4,3), rep(5,1),  rep(6,2),  rep(7,0))
	
	
	












