#' @export

data_stays <- c(rep(0,3541), rep(1,599), rep(2,176), rep(3,48), rep(4,20), rep(5,12), rep(6,5), rep(7,1), rep(8,4))















