#' @export

data_claim4 <- c(rep(0,370412), rep(1,46545), rep(2,3935), rep(3,317), rep(4,28),rep(5,3), rep(6,0))
	
	
	












