#' @export

data_queue <- c(rep(0,1), rep(1,3), rep(2,4), rep(3,23), rep(4,25), rep(5,19), rep(6,18), rep(7,5), rep(8,1), rep(9,1), rep(10,0))
	
	
	












