#' @export

data_poem <- c(rep(1,64), rep(2,131), rep(3,122), rep(4,61), rep(5,13), rep(6,3))
	
	
	












