#' @export

data_sibship <- c(rep(0,215), rep(1,1485), rep(2,5331), rep(3,10649), rep(4,14959), rep(5,11929), rep(6,6678), rep(7,2092), rep(8,342))















