#' @export

data_connecticut <- c(rep(0,23881), rep(1,4503), rep(2,936), rep(3,160), rep(4,33), rep(5,14), rep(6,3), rep(7,1), rep(8,0))
	
	
	












