#' @export


data_antenatal <- c(rep(0,2240), rep(1,313), rep(2,522), rep(3,1073), rep(4,1014), rep(5,551), 
rep(6,353), rep(7,171), rep(8,89), rep(9,51), rep(10,35), rep(11,8), rep(12,8), rep(13,6),rep(14,2), rep(15,4),rep(16,1), rep(20,9))
	
	
	
	
	










