#' @export

data_argcovid <- c(2, 12, 14, 0, 11, 9, 32, 0, 27, 30, 0, 67, 76, 0, 201, 0, 87, 101, 55, 75, 146, 88,
79, 132, 88, 98, 103, 74, 87, 80, 134, 46, 0, 277, 84, 141, 121,
96, 90, 55, 121, 113, 124, 143, 139, 222, 137, 54, 127, 182, 103,
172, 56, 149, 118, 123, 154, 229, 225, 150, 244, 110, 244, 285,
410, 161, 345, 326, 263, 303, 438, 474, 648, 718, 704, 723, 552,
600, 705, 769)















