#' @export

data_derogatory <- c(rep(0,1060), rep(1,137), rep(2,50), rep(3,24), rep(4,17), rep(5,11), rep(6,5), rep(7,6), rep(8,9))















