#' @export

data_systemic <- c(rep(0,1437), rep(1,1010), rep(2,660), rep(3,428), rep(4,236), rep(5,122), rep(6,62), rep(7,34), rep(8,14), rep(9,8), rep(10,4), rep(11,4), rep(12,1))
	
	
	












