#' @export

data_gfatality <- c(0, 0, 0, 0, 2,
 0, 0, 0, 0, 0, 0, 0, 0, 0, 0,
 0, 1, 0)












