#' @export

data_machinist <- c(rep(0,69), rep(1,54), rep(2,43), rep(3,15), rep(4,13), rep(5,1), rep(6,2), rep(7,1))
	
	
	












