#' @export


data_death <- c(rep(0,162), rep(1,267), rep(2,271), rep(3,185), rep(4,111), rep(5,61), rep(6,27), rep(7,8), rep(8,3), rep(9,1))
	
	
	
	
	










