#' @export


data_migrants <- c(rep(0,1032), rep(1,58), rep(2,23), rep(3,8), rep(4,10), rep(5,6), rep(6,7), rep(7,1), rep(8,16))
	
	
	
	
	










