#' @export

data_cysts <- c(rep(0,65), rep(1,14), rep(2,10), rep(3,6), rep(4,4), rep(5,2), rep(6,2), rep(7,2), rep(8,1), rep(9,1), rep(10,1), rep(11,2))















