#' @export

data_as2 <- c(rep(0,59), rep(1,12), rep(2,12), rep(3,7), rep(4,6), rep(5,2), rep(6,3), rep(7,2), rep(8,0))
	
	
	












