#' @export

data_belfast <- c(rep(0,8), rep(1,22), rep(2,25), rep(3,33), rep(4,32), rep(5,24), rep(6,8), rep(7,12), rep(8,8), rep(9,3), rep(10,3), rep(11,3), rep(12,2))
	
	
	












