#' @export

data_claim7 <- c(rep(0,57178), rep(1,5617), rep(2,446), rep(3,50), rep(4,8),rep(5,0))
	
	
	












