#' @export

data_Bosniacovid <- c(11, 12, 11, 11, 6, 5, 10, 8, 6, 17, 22, 6, 5, 11, 2, 9, 6, 9, 12, 8, 10, 6, 5, 11, 13, 11, 11, 9, 3, 4, 11, 11, 7, 9, 3, 12, 4, 9, 5, 6, 5,
6, 4, 6, 9, 20, 11, 11, 5, 6, 6, 6, 8, 12, 12, 6, 7, 2, 12, 14, 13, 5, 10, 6, 2, 9, 15, 5, 5, 13, 1, 1, 8, 11, 11, 14, 8, 2, 4, 11, 20, 14, 20,
14, 6, 15, 18, 21, 36, 21, 30, 22, 14, 32, 37, 41, 44, 55, 33, 20, 73, 46, 72, 49, 58, 49, 41, 75, 69, 47, 64, 56, 40, 27, 66,
52, 35, 51, 62, 34, 44, 61, 46, 46, 39, 53, 57, 30, 60, 69, 70, 48, 51, 48, 38, 55, 66, 54, 38, 34, 42, 28, 53, 86, 46, 40, 23,
22, 30, 23, 48, 26, 22, 14, 14, 31, 48, 32, 37, 16, 21, 20, 25, 28, 15, 26, 12, 18, 20, 23, 14, 23, 12, 15, 19, 14, 5, 19, 28,
22, 16, 20, 17, 9, 19, 13, 8, 16, 14, 16, 9, 13, 21, 19, 15, 13, 11, 4, 20, 19, 14, 13, 17, 16, 12, 9, 18, 17, 11, 9, 17, 8, 20, 29,
29, 26, 28, 19, 12, 38, 48, 37, 28, 36, 42, 33, 63, 53, 35, 57, 44, 44, 48, 73, 67, 62, 77, 76, 58, 50, 99, 74, 80, 76, 88, 40,
84, 66, 99, 80, 84, 82, 60, 47, 82, 79, 76, 60, 86, 49, 33, 68, 87, 57, 82, 39, 39, 39, 69, 68, 46, 48, 39, 28, 15, 59, 60, 23,
26, 28, 21, 23, 28, 50, 31, 15, 23, 26, 19, 25, 19, 16, 10, 12, 9, 14, 19, 18, 16, 10, 17, 11, 11, 20, 17, 33, 29, 42, 21, 4, 12,
49, 7, 6, 6, 9, 3, 4, 39, 74, 18, 4, 4, 3, 6, 5, 3, 2, 2, 1, 2)
	
	
	












