#' @export


data_dentist <- c(rep(0,134), rep(1,314), rep(2,149), rep(3,69), rep(4,32), rep(5,26), rep(6,14), rep(7,6), rep(8,1), rep(9,0), rep(10,11), rep(12,3), rep(15,3), rep(20,4))
	
	
	
	
	










