#' @export

data_absen <- c(rep(0,217), rep(1,44), rep(2,29), rep(3,11), rep(4,11),rep(5,2), rep(6,4), rep(7,0))
	
	
	












