#' @export

data_action <- c(rep(0,3882), rep(1,63), rep(2,38), rep(3,32), rep(4,8), rep(5,12), rep(6,12), rep(7,3), rep(10,1), rep(11,1))
	
	
	












