#' @export


data_fetalm <- c(rep(0,182), rep(1,41), rep(2,12), rep(3,2), rep(4,2),rep(5,0),rep(6,0),rep(7,1))















