#' @export

data_claim8 <- c(rep(0,118700), rep(1,11468), rep(2,930), rep(3,70), rep(4,14),rep(5,0))
	
	
	












