#' @export

data_migran <- c(rep(0,1941), rep(1,292), rep(2,67), rep(3,37), rep(4,17), rep(5,6), rep(6,7), rep(7,3), rep(8,5))















