#' @export

data_tfatality <- c(0, 1, 0, 0, 0,
 0, 0, 1, 0, 0, 0, 0, 0, 0, 0,
 0, 0, 2)












