#' @export

data_migrant <- c(rep(0,972), rep(1,124), rep(2,32), rep(3,25), rep(4,12), rep(5,10), rep(6,5), rep(7,5), rep(8,17))















