#' @export

data_deaths <- c(rep(0,144), rep(1,91), rep(2,32), rep(3,11), rep(4,2), rep(5,0))
	
	
	












