#' @export

data_p806_8 <- c(rep(0,65), rep(1,16), rep(2,8), rep(3,7), rep(4,2), rep(5,2),  rep(6,0),  rep(7,0))
	
	
	












