#' @export


data_claims <- c(rep(0,13772), rep(1,2631), rep(2,318), rep(3,34), rep(4,5))















