#' @export

data_block <- c(rep(0,156), rep(1,63), rep(2,29), rep(3,8), rep(4,4), rep(5,1), rep(6,1))
	
	
	












