#' @export

data_household <- c(rep(0,1323), rep(1,2725), rep(2,3668), rep(3,4765), rep(4,3291), rep(5,1915), rep(6,965), rep(7,932))















