#' @export

data_ugacovid <- c(66, 60, 43, 53, 94, 0, 416, 97, 99, 64, 98, 0, 232, 0, 132, 84, 65,75, 176, 65, 186, 128, 109, 124, 201, 190, 86, 326, 96, 179, 145,
143, 114, 210, 427, 270, 181)















