#' @export

data_inj4 <- c(rep(0,120), rep(1,41), rep(2,12), rep(3,6), rep(4,0), rep(5,1))
	
	
	












