#' @export

data_as7 <- c(rep(0,5), rep(1,42), rep(2,57), rep(3,29), rep(4,9), rep(5,4), rep(6,4), rep(7,2), rep(8,2))
	
	
	












