#' @export

data_Algeriacovid <- c(2, 10, 6, 9, 12, 4, 3, 4, 10, 8, 13, 9, 10, 5, 8, 11, 13, 11, 14, 18, 10, 13, 19, 17, 17, 21, 26, 18, 11, 17, 29, 25, 28, 36, 32, 21, 42,
55, 49, 63, 46, 72, 67, 77, 94, 86, 98, 93, 87, 80, 92, 111, 120, 125, 131, 108, 113, 102, 122, 106, 134, 148, 142, 133,
128, 112, 92, 83, 94, 81, 74, 89, 77, 72, 54, 48, 30, 19, 41, 37, 32, 55, 46, 21, 17, 18, 15, 13, 18, 15, 10, 7, 12, 10, 9, 14,
15, 7, 3, 3, 6, 7, 6, 5, 7, 4, 8, 5, 8, 6, 5, 3, 3)
	
	
	












