#' @export

data_inj3 <- c(rep(0,138), rep(1,40), rep(2,16), rep(3,4), rep(4,3), rep(5,2))
	
	
	












