#' @export

data_claim5 <- c(rep(0,103704), rep(1,14075), rep(2,1766), rep(3,255), rep(4,45),rep(5,6), rep(6,2), rep(7,0))
	
	
	












