#' @export

data_claim1 <- c(rep(0,96978), rep(1,9240), rep(2,704), rep(3,43), rep(4,9),rep(5,0))
	
	
	












