#' @export

data_lost <- c(rep(0,109), rep(1,52), rep(2,26), rep(3,10), rep(4,3))
	
	
	












