#' @export

data_ticks <- c(rep(0,4), rep(1,5), rep(2,11), rep(3,10), rep(4,9), rep(5,11),  rep(6,3),  rep(7,5), rep(8,3), rep(9,2), rep(10,2), rep(11,5), 
 rep(12,0),  rep(13,2), rep(14,2), rep(15,1), rep(16,1), rep(17,0),  rep(18,0),  rep(19,1), rep(20,0), rep(21,1), rep(22,1),  rep(23,1),  rep(24,0), rep(25,2))
	
	
	












