#' @export

data_accide <- c(rep(0,398), rep(1,294), rep(2,43), rep(3,10), rep(4,3), rep(5,2))
	
	
	












