#' @export

data_can <- c(rep(0,2523), rep(1,315), rep(2,20), rep(3,6), rep(4,1))
	
	
	












