#' @export

data_claim3 <- c(rep(0,7840), rep(1,1317), rep(2,239), rep(3,42), rep(4,14),rep(5,4), rep(6,4), rep(7,1), rep(8,0))
	
	
	












