#' @export

data_accid <- c(rep(0,397), rep(1,133), rep(2,47), rep(3,5), rep(4,1), rep(5,0), rep(6,0), rep(7,1))
	
	
	












