#' @export

data_tacci <- c(rep(0,64494), rep(1,1005), rep(2,30), rep(4,6))
	
	
	












